memory_initialization_radix = 16;
memory_initialization_vector = 0.0007113823479671518, 0.0017295639711967883, 0.0033198303992124506, 0.005602568716268762, 0.008670434553345766, 0.012572090119010677, 0.01729806739942719, 0.022770813036339523, 0.028840666411505837, 0.035288949184012944, 0.04183856302071773, 0.04817159702992974, 0.05395255403071085, 0.05885503759703045, 0.06258921002308132, 0.06492711638766697, 0.06572311154515159, 0.06492711638766697, 0.06258921002308132, 0.05885503759703045, 0.05395255403071085, 0.04817159702992974, 0.04183856302071773, 0.035288949184012944, 0.028840666411505837, 0.022770813036339523, 0.01729806739942719, 0.012572090119010677, 0.008670434553345766, 0.005602568716268762, 0.0033198303992124506, 0.0017295639711967883, 0.0007113823479671518;